0.0000 0.12909
0.0417 0.20357
0.0833 0.21300
0.1250 0.19794
0.1667 0.19222
0.2083 0.14928
0.2500 0.05873
0.2917 0.02494
0.3333 0.02938
0.3750 0.07085
0.4167 0.16632
0.4583 0.16469
0.5000 0.11992
0.5417 0.09962
0.5833 0.08853
0.6250 0.09932
0.6667 0.10013
0.7083 0.10680
0.7500 0.10697
0.7917 0.10241
0.8333 0.10636
0.8750 0.10868
0.9167 0.07954
0.9583 0.04946
1.0000 0.04090
1.0417 0.06374
1.0833 0.08467
1.1250 0.11966
1.1667 0.11006
1.2083 0.09388
1.2500 0.09024
1.2917 0.08024
1.3333 0.06226
1.3750 0.05041
1.4167 0.05797
1.4583 0.01608
1.5000 0.03900
1.5417 0.02161
1.5833 0.01846
1.6250 0.04547
1.6667 0.06649
1.7083 0.06527
1.7500 0.06079
1.7917 0.13677
1.8333 0.18836
1.8750 0.18439
1.9167 0.08564
1.9583 0.05792
2.0000 0.05717
2.0417 0.02696
2.0833 0.02722
2.1250 0.04441
2.1667 0.07569
2.2083 0.11329
2.2500 0.11144
2.2917 0.09966
2.3333 0.07639
2.3750 0.06880
2.4167 0.09740
2.4583 0.13869
2.5000 0.14298
2.5417 0.14080
2.5833 0.12219
2.6250 0.10119
2.6667 0.06498
2.7083 0.01603
2.7500 0.02179
2.7917 0.05399
2.8333 0.08532
2.8750 0.08059
2.9167 0.09244
2.9583 0.10822
3.0000 0.11050
3.0417 0.12843
3.0833 0.12285
3.1250 0.10199
3.1667 0.09266
3.2083 0.10331
3.2500 0.11622
3.2917 0.11734
3.3333 0.13070
3.3750 0.12936
3.4167 0.11988
3.4583 0.14220
3.5000 0.16707
3.5417 0.16814
3.5833 0.11314
3.6250 0.10152
3.6667 0.11049
3.7083 0.12441
3.7500 0.06849
3.7917 0.02949
3.8333 0.02939
3.8750 0.02939
3.9167 0.03997
3.9583 0.03821
4.0000 0.03909
4.0417 0.02194
4.0833 0.02626
4.1250 0.06879
4.1667 0.12474
4.2083 0.13900
4.2500 0.15990
4.2917 0.16883
4.3333 0.17669
4.3750 0.14219
4.4167 0.12922
4.4583 0.12417
4.5000 0.13705
4.5417 0.16752
4.5833 0.12586
4.6250 0.09613
4.6667 0.09609
4.7083 0.10419
4.7500 0.11052
4.7917 0.13360
4.8333 0.13675
4.8750 0.12279
4.9167 0.10415
4.9583 0.10161
5.0000 0.10485
5.0417 0.12468
5.0833 0.11735
5.1250 0.07718
5.1667 0.02321
5.2083 0.00907
5.2500 0.00968
5.2917 0.04350
5.3333 0.07454
5.3750 0.02742
5.4167 0.01366
5.4583 0.01316
5.5000 0.02005
5.5417 0.10813
5.5833 0.10381
5.6250 0.09281
5.6667 0.08929
5.7083 0.08966
5.7500 0.09833
5.7917 0.10985
5.8333 0.14168
5.8750 0.19803
5.9167 0.20559
5.9583 0.15306
6.0000 0.08971
6.0417 0.07173
6.0833 0.08330
6.1250 0.08799
6.1667 0.09289
6.2083 0.05916
6.2500 0.06721
6.2917 0.10658
6.3333 0.11125
6.3750 0.11492
6.4167 0.12264
6.4583 0.12446
6.5000 0.13827
6.5417 0.13505
6.5833 0.13700
6.6250 0.13040
6.6667 0.15119
6.7083 0.17866
6.7500 0.19262
6.7917 0.16257
6.8333 0.15094
6.8750 0.15148
6.9167 0.14372
6.9583 0.11880
7.0000 0.13529
7.0417 0.14327
7.0833 0.13899
7.1250 0.12823
7.1667 0.13505
7.2083 0.14815
7.2500 0.14158
7.2917 0.12912
7.3333 0.11570
7.3750 0.10989
7.4167 0.11232
7.4583 0.09754
7.5000 0.08896
7.5417 0.06932
7.5833 0.06318
7.6250 0.06408
7.6667 0.05495
7.7083 0.06025
7.7500 0.05757
7.7917 0.06164
7.8333 0.06109
7.8750 0.05760
7.9167 0.05939
7.9583 0.06825
8.0000 0.06230
