0.0000 0.09855
0.0333 0.12714
0.0667 0.14185
0.1000 0.14153
0.1333 0.14105
0.1667 0.15855
0.2000 0.15235
0.2333 0.06922
0.2667 0.02073
0.3000 0.01401
0.3333 0.02083
0.3667 0.09298
0.4000 0.12349
0.4333 0.12730
0.4667 0.12142
0.5000 0.11050
0.5333 0.11755
0.5667 0.11490
0.6000 0.11745
0.6333 0.11883
0.6667 0.13227
0.7000 0.14310
0.7333 0.12656
0.7667 0.12812
0.8000 0.12511
0.8333 0.12563
0.8667 0.12838
0.9000 0.13776
0.9333 0.13644
0.9667 0.13903
1.0000 0.13095
1.0333 0.12968
1.0667 0.13093
1.1000 0.12884
1.1333 0.13440
1.1667 0.12378
1.2000 0.12290
1.2333 0.12510
1.2667 0.12406
1.3000 0.10598
1.3333 0.08684
1.3667 0.05470
1.4000 0.04210
1.4333 0.04497
1.4667 0.03890
1.5000 0.03391
1.5333 0.02892
1.5667 0.02341
1.6000 0.02641
1.6333 0.04306
1.6667 0.05664
1.7000 0.07320
1.7333 0.11421
1.7667 0.13608
1.8000 0.14730
1.8333 0.14842
1.8667 0.11929
1.9000 0.07517
1.9333 0.05913
1.9667 0.05431
2.0000 0.05291
2.0333 0.04482
2.0667 0.05437
2.1000 0.07657
2.1333 0.11368
2.1667 0.10604
2.2000 0.11775
2.2333 0.11948
2.2667 0.12199
2.3000 0.12707
2.3333 0.11996
2.3667 0.12995
2.4000 0.13476
2.4333 0.13874
2.4667 0.14680
2.5000 0.14617
2.5333 0.12622
2.5667 0.12175
2.6000 0.10965
2.6333 0.06055
2.6667 0.01091
2.7000 0.00921
2.7333 0.01514
2.7667 0.06205
2.8000 0.10868
2.8333 0.12170
2.8667 0.13213
2.9000 0.13333
2.9333 0.13674
2.9667 0.14070
3.0000 0.13848
3.0333 0.13277
3.0667 0.11790
3.1000 0.12285
3.1333 0.11812
3.1667 0.11939
3.2000 0.13974
3.2333 0.15509
3.2667 0.19148
3.3000 0.18881
3.3333 0.18377
3.3667 0.18887
3.4000 0.18062
3.4333 0.16865
3.4667 0.17331
3.5000 0.16834
3.5333 0.14416
3.5667 0.11775
3.6000 0.11676
3.6333 0.12375
3.6667 0.13432
3.7000 0.11770
3.7333 0.11036
3.7667 0.09244
3.8000 0.07793
3.8333 0.04770
3.8667 0.04443
3.9000 0.02981
3.9333 0.02275
3.9667 0.01923
4.0000 0.01697
4.0333 0.01456
4.0667 0.04622
4.1000 0.05978
4.1333 0.09167
4.1667 0.11785
4.2000 0.12215
4.2333 0.13471
4.2667 0.14739
4.3000 0.16162
4.3333 0.18575
4.3667 0.18668
4.4000 0.18375
4.4333 0.18270
4.4667 0.16934
4.5000 0.16713
4.5333 0.16532
4.5667 0.15498
4.6000 0.12567
4.6333 0.12317
4.6667 0.11806
4.7000 0.12293
4.7333 0.12760
4.7667 0.12738
4.8000 0.14596
4.8333 0.14218
4.8667 0.13243
4.9000 0.12098
4.9333 0.11160
4.9667 0.11394
5.0000 0.12044
5.0333 0.13036
5.0667 0.09788
5.1000 0.04135
5.1333 0.01655
5.1667 0.01105
5.2000 0.00791
5.2333 0.01008
5.2667 0.01481
5.3000 0.05421
5.3333 0.07692
5.3667 0.05983
5.4000 0.01102
5.4333 0.00781
5.4667 0.00945
5.5000 0.01503
5.5333 0.05746
5.5667 0.08812
5.6000 0.09471
5.6333 0.09388
5.6667 0.08192
5.7000 0.08308
5.7333 0.07362
5.7667 0.08503
5.8000 0.12739
5.8333 0.16281
5.8667 0.18599
5.9000 0.16815
5.9333 0.17702
5.9667 0.14556
6.0000 0.09722
6.0333 0.07945
6.0667 0.08397
6.1000 0.08478
6.1333 0.08617
6.1667 0.08103
6.2000 0.08197
6.2333 0.08301
6.2667 0.09067
6.3000 0.11257
6.3333 0.10722
6.3667 0.10935
6.4000 0.10735
6.4333 0.12540
6.4667 0.12506
6.5000 0.15045
6.5333 0.17503
6.5667 0.17312
6.6000 0.16171
6.6333 0.16269
6.6667 0.16151
6.7000 0.16729
6.7333 0.17616
6.7667 0.17456
6.8000 0.16730
6.8333 0.15025
6.8667 0.13681
6.9000 0.13178
6.9333 0.09107
6.9667 0.01312
7.0000 0.00796
7.0333 0.02603
7.0667 0.06081
7.1000 0.08393
7.1333 0.09836
7.1667 0.09164
7.2000 0.08493
7.2333 0.08067
7.2667 0.08260
7.3000 0.08010
7.3333 0.07649
7.3667 0.08583
7.4000 0.07826
7.4333 0.07825
7.4667 0.07426
7.5000 0.07373
7.5333 0.06862
7.5667 0.06590
7.6000 0.06597
7.6333 0.06672
